_DWORD dword_4040[41] =
{
  -1442503121,
  252678980,
  -1777941762,
  252678980,
  30677878,
  -69523947,
  498629140,
  366298937,
  1255198513,
  1812594589,
  -227710402,
  -2056627544,
  1842515611,
  1993550816,
  -186917087,
  1812594589,
  112844655,
  1842515611,
  701932520,
  -587065671,
  453955339,
  2013832146,
  -1107002784,
  701932520,
  -1107002784,
  -1855256857,
  -206169288,
  -2056627544,
  701932520,
  -1442503121,
  -206169288,
  1812594589,
  -1730327860,
  701932520,
  1466425173,
  -2082672713,
  30677878,
  -1442503121,
  -1107002784,
  1684325040,
  -55123444
};

